comparison	statistic	p.value	adj.p.value
ambient:72-low:72	2.93659805257434	0.230316915204644	0.921267660818577
ambient:72-ambient:93 + 8 day recovery	2.89835297111601	0.234763539675518	0.921267660818577
low:72-low:93 + 8 day recovery	5.80727767677473	0.0548233632948251	0.328940179768951
ambient:93 + 8 day recovery-low:93 + 8 day recovery	5.64654269238618	0.0594112696303015	0.328940179768951
ambient:72-low:93 + 8 day recovery	0.513196732984228	0.773678886738193	1
ambient:93 + 8 day recovery-low:72	0.796635009929982	0.671448805484772	1
